4
14
35 75 80 25
-1 -1 -1 -1 1 -1 -1 -1 -1 1 -1 -1 -1 -1
-1 -1 6 -1 -1 -1 -1 -1 -1 -1 -1 -1 -1 3
-1 6 -1 -1 -1 -1 -1 -1 -1 -1 3 -1 -1 5
-1 -1 -1 -1 -1 -1 -1 -1 -1 -1 -1 2 5 -1
1 -1 -1 -1 -1 2 -1 4 -1 -1 -1 1 -1 -1
-1 -1 -1 -1 2 -1 4 -1 1 2 -1 -1 -1 3
-1 -1 -1 -1 -1 4 -1 1 -1 -1 1 -1 -1 -1
-1 -1 -1 -1 4 -1 1 -1 1 -1 1 -1 4 -1
-1 -1 -1 -1 -1 1 -1 1 -1 -1 -1 -1 -1 -1
1 -1 -1 -1 -1 2 -1 -1 -1 -1 -1 -1 -1 1
-1 -1 3 -1 -1 -1 1 1 -1 -1 -1 -1 -1 4
-1 -1 -1 2 1 -1 -1 -1 -1 -1 -1 -1 3 -1
-1 -1 -1 5 -1 -1 -1 4 -1 -1 -1 3 -1 -1
-1 3 5 -1 -1 3 -1 -1 -1 1 4 -1 -1 -1
